33 18
0123456789|abcdefghijklmnopqrstuvwxyzABCDEFGHIJKLMNOPQRSTUVWXYZ|+|-|*|/|>|<|=|!|;|,|(|)|[|]|{|}| 	$
01 03 05 06 07 08 13 16 19 22 24 25 26 27 28 29 30 31 00
01 32 02 02 02 02 02 02 02 02 02 02 02 02 02 02 02 02 02
02 02 02 02 02 02 02 02 02 02 02 02 02 02 02 02 02 02 02
32 03 04 04 04 04 04 04 04 04 04 04 04 04 04 04 04 04 04
04 04 04 04 04 04 04 04 04 04 04 04 04 04 04 04 04 04 04
05 05 05 05 05 05 05 05 05 05 05 05 05 05 05 05 05 05 05
06 06 06 06 06 06 06 06 06 06 06 06 06 06 06 06 06 06 06
07 07 07 07 07 07 07 07 07 07 07 07 07 07 07 07 07 07 07
12 12 12 12 09 12 12 12 12 12 12 12 12 12 12 12 12 12 12
09 09 09 09 10 09 09 09 09 09 09 09 09 09 09 09 09 09 09
09 09 09 09 09 11 09 09 09 09 09 09 09 09 09 09 09 09 09
11 11 11 11 11 11 11 11 11 11 11 11 11 11 11 11 11 11 11
12 12 12 12 12 12 12 12 12 12 12 12 12 12 12 12 12 12 12
15 15 15 15 15 15 15 15 14 15 15 15 15 15 15 15 15 15 15
14 14 14 14 14 14 14 14 14 14 14 14 14 14 14 14 14 14 14
15 15 15 15 15 15 15 15 15 15 15 15 15 15 15 15 15 15 15
18 18 18 18 18 18 18 18 17 18 18 18 18 18 18 18 18 18 18
17 17 17 17 17 17 17 17 17 17 17 17 17 17 17 17 17 17 17
18 18 18 18 18 18 18 18 18 18 18 18 18 18 18 18 18 18 18
21 21 21 21 21 21 21 21 20 21 21 21 21 21 21 21 21 21 21
20 20 20 20 20 20 20 20 20 20 20 20 20 20 20 20 20 20 20
21 21 21 21 21 21 21 21 21 21 21 21 21 21 21 21 21 21 21
32 32 32 32 32 32 32 32 23 32 32 32 32 32 32 32 32 32 32
23 23 23 23 23 23 23 23 23 23 23 23 23 23 23 23 23 23 23
24 24 24 24 24 24 24 24 24 24 24 24 24 24 24 24 24 24 24
25 25 25 25 25 25 25 25 25 25 25 25 25 25 25 25 25 25 25
26 26 26 26 26 26 26 26 26 26 26 26 26 26 26 26 26 26 26
27 27 27 27 27 27 27 27 27 27 27 27 27 27 27 27 27 27 27
28 28 28 28 28 28 28 28 28 28 28 28 28 28 28 28 28 28 28
29 29 29 29 29 29 29 29 29 29 29 29 29 29 29 29 29 29 29
30 30 30 30 30 30 30 30 30 30 30 30 30 30 30 30 30 30 30
31 31 31 31 31 31 31 31 31 31 31 31 31 31 31 31 31 31 31
32 32 33 33 33 33 33 33 33 33 33 33 33 33 33 33 33 33 33
33 33 33 33 33 33 33 33 33 33 33 33 33 33 33 33 33 33 33
35 35 35 35 35 35 35 35 35 35 35 35 35 35 35 35 35 35 35
35 35 35 35 35 35 35 35 35 35 35 35 35 35 35 35 35 35 35